16 15
-1 -1 -1 -1 -1 -1 -1 0 -1 -1 -1 -1 -1 -1 -1
-1 -1 -1 -1 -1 -1 0 2 0 -1 -1 -1 -1 -1 -1
-1 -1 -1 -1 -1 -1 0 2 0 -1 -1 -1 -1 -1 -1
-1 -1 -1 -1 -1 0 2 2 2 0 -1 -1 -1 -1 -1
-1 -1 -1 -1 -1 0 2 8 2 0 -1 -1 -1 -1 -1
-1 -1 -1 -1 -1 0 2 8 2 0 -1 -1 -1 -1 -1
-1 -1 -1 -1 -1 0 2 8 2 0 -1 -1 -1 -1 -1
-1 -1 -1 -1 0 2 2 8 2 2 0 -1 -1 -1 -1
-1 -1 -1 0 2 2 2 8 2 2 2 0 -1 -1 -1
-1 0 0 2 2 2 2 8 2 2 2 2 0 0 -1
0 2 2 2 2 2 2 8 2 2 2 2 2 2 0
0 0 0 0 0 2 2 2 2 2 0 0 0 0 0
-1 -1 -1 -1 -1 0 2 2 2 0 -1 -1 -1 -1 -1
-1 -1 -1 -1 -1 0 2 2 2 0 -1 -1 -1 -1 -1
-1 -1 -1 -1 0 0 0 0 0 0 0 -1 -1 -1 -1
-1 -1 -1 -1 4 4 45 45 45 4 4 -1 -1 -1 -1
